000 10301 00000000 00000100 00000000 00000000 00000000 00000000 00000000 00000000 00000000 00000000 00000000 00000000 00000000 00000000 00000000 00000000
002 10401 00000000 00000101 00000000 00000005 00000000 00000000 00000000 00000000 00000000 00000000 00000000 00000000 00000000 00000000 00000000 00000000
004 0F100 00000000 00000009 00000000 00000005 00000003 00000000 00000000 00000000 00000000 00000000 00000000 00000000 00000000 00000000 00000000 00000000
009 00DD1 00000000 FFFFFFFC 00000000 00000005 00000003 00000000 00000000 00000000 00000000 00000000 00000000 00000000 00000000 00000000 00000000 00000006
00B 11FD1 00000000 00000000 00000000 00000005 00000003 00000000 00000000 00000000 00000000 00000000 00000000 00000000 00000000 FFFFFFFC 00000000 00000006
00D 113D1 00000000 00000001 00000000 00000005 00000003 00000000 00000000 00000000 00000000 00000000 00000000 00000000 00000000 FFFFFFFC 00000000 00000006
00F 114D1 00000000 00000002 00000000 00000005 00000003 00000000 00000000 00000000 00000000 00000000 00000000 00000000 00000000 FFFFFFFC 00000000 00000006
011 119D1 00000000 00000003 00000000 00000005 00000003 00000000 00000000 00000000 00000000 00000000 00000000 00000000 00000000 FFFFFFFC 00000000 00000006
013 09140 00000000 00000023 00000000 00000005 00000003 00000000 00000000 00000000 00000000 00000000 00000000 00000000 00000000 FFFFFFFC 00000000 00000006
015 09134 00000000 00000023 00000000 00000005 00000003 00000000 00000000 00000000 00000000 00000000 00000000 00000000 00000000 FFFFFFFC 00000000 00000006
017 00331 00000000 FFFFFFFF 00000000 00000005 00000003 00000000 00000000 00000000 00000000 00000000 00000000 00000000 00000000 FFFFFFFC 00000000 00000006
019 0F100 00000000 00000009 00000000 00000004 00000003 00000000 00000000 00000000 00000000 00000000 00000000 00000000 00000000 FFFFFFFC 00000000 00000006
009 00DD1 00000000 FFFFFFFC 00000000 00000004 00000003 00000000 00000000 00000000 00000000 00000000 00000000 00000000 00000000 FFFFFFFC 00000000 0000001B
00B 11FD1 00000000 00000000 00000000 00000004 00000003 00000000 00000000 00000000 00000000 00000000 00000000 00000000 00000000 FFFFFFF8 00000000 0000001B
00D 113D1 00000000 00000001 00000000 00000004 00000003 00000000 00000000 00000000 00000000 00000000 00000000 00000000 00000000 FFFFFFF8 00000000 0000001B
00F 114D1 00000000 00000002 00000000 00000004 00000003 00000000 00000000 00000000 00000000 00000000 00000000 00000000 00000000 FFFFFFF8 00000000 0000001B
011 119D1 00000000 00000003 00000000 00000004 00000003 00000000 00000000 00000000 00000000 00000000 00000000 00000000 00000000 FFFFFFF8 00000000 0000001B
013 09140 00000000 00000023 00000000 00000004 00000003 00000000 00000000 00000000 00000000 00000000 00000000 00000000 00000000 FFFFFFF8 00000000 0000001B
015 09134 00000000 00000023 00000000 00000004 00000003 00000000 00000000 00000000 00000000 00000000 00000000 00000000 00000000 FFFFFFF8 00000000 0000001B
017 00331 00000000 FFFFFFFF 00000000 00000004 00000003 00000000 00000000 00000000 00000000 00000000 00000000 00000000 00000000 FFFFFFF8 00000000 0000001B
019 0F100 00000000 00000009 00000000 00000003 00000003 00000000 00000000 00000000 00000000 00000000 00000000 00000000 00000000 FFFFFFF8 00000000 0000001B
009 00DD1 00000000 FFFFFFFC 00000000 00000003 00000003 00000000 00000000 00000000 00000000 00000000 00000000 00000000 00000000 FFFFFFF8 00000000 0000001B
00B 11FD1 00000000 00000000 00000000 00000003 00000003 00000000 00000000 00000000 00000000 00000000 00000000 00000000 00000000 FFFFFFF4 00000000 0000001B
00D 113D1 00000000 00000001 00000000 00000003 00000003 00000000 00000000 00000000 00000000 00000000 00000000 00000000 00000000 FFFFFFF4 00000000 0000001B
00F 114D1 00000000 00000002 00000000 00000003 00000003 00000000 00000000 00000000 00000000 00000000 00000000 00000000 00000000 FFFFFFF4 00000000 0000001B
011 119D1 00000000 00000003 00000000 00000003 00000003 00000000 00000000 00000000 00000000 00000000 00000000 00000000 00000000 FFFFFFF4 00000000 0000001B
013 09140 00000000 00000023 00000000 00000003 00000003 00000000 00000000 00000000 00000000 00000000 00000000 00000000 00000000 FFFFFFF4 00000000 0000001B
015 09134 00000000 00000023 00000000 00000003 00000003 00000000 00000000 00000000 00000000 00000000 00000000 00000000 00000000 FFFFFFF4 00000000 0000001B
023 00201 00000000 00000001 00000000 00000003 00000003 00000000 00000000 00000000 00000000 00000000 00000000 00000000 00000000 FFFFFFF4 00000000 0000001B
025 109D1 00000000 00000003 00000001 00000003 00000003 00000000 00000000 00000000 00000000 00000000 00000000 00000000 00000000 FFFFFFF4 00000000 0000001B
027 104D1 00000000 00000002 00000001 00000003 00000003 00000000 00000000 00000000 00000000 00000000 00000000 00000000 00000000 FFFFFFF4 00000000 0000001B
029 103D1 00000000 00000001 00000001 00000003 00000003 00000000 00000000 00000000 00000000 00000000 00000000 00000000 00000000 FFFFFFF4 00000000 0000001B
02B 10FD1 00000000 00000000 00000001 00000003 00000003 00000000 00000000 00000000 00000000 00000000 00000000 00000000 00000000 FFFFFFF4 00000000 0000001B
02D 00DD1 00000000 00000004 00000001 00000003 00000003 00000000 00000000 00000000 00000000 00000000 00000000 00000000 00000000 FFFFFFF4 00000000 0000001B
02F 09F00 00000000 00000004 00000001 00000003 00000003 00000000 00000000 00000000 00000000 00000000 00000000 00000000 00000000 FFFFFFF8 00000000 0000001B
01B 00920 00000000 00000004 00000001 00000003 00000003 00000000 00000000 00000000 00000000 00000000 00000000 00000000 00000000 FFFFFFF8 00000000 0000001B
01C 00441 00000000 FFFFFFFF 00000001 00000003 00000003 00000000 00000000 00000000 00000000 00000001 00000000 00000000 00000000 FFFFFFF8 00000000 0000001B
01E 0F100 00000000 00000009 00000001 00000003 00000002 00000000 00000000 00000000 00000000 00000001 00000000 00000000 00000000 FFFFFFF8 00000000 0000001B
009 00DD1 00000000 FFFFFFFC 00000001 00000003 00000002 00000000 00000000 00000000 00000000 00000001 00000000 00000000 00000000 FFFFFFF8 00000000 00000020
00B 11FD1 00000000 00000000 00000001 00000003 00000002 00000000 00000000 00000000 00000000 00000001 00000000 00000000 00000000 FFFFFFF4 00000000 00000020
00D 113D1 00000000 00000001 00000001 00000003 00000002 00000000 00000000 00000000 00000000 00000001 00000000 00000000 00000000 FFFFFFF4 00000000 00000020
00F 114D1 00000000 00000002 00000001 00000003 00000002 00000000 00000000 00000000 00000000 00000001 00000000 00000000 00000000 FFFFFFF4 00000000 00000020
011 119D1 00000000 00000003 00000001 00000003 00000002 00000000 00000000 00000000 00000000 00000001 00000000 00000000 00000000 FFFFFFF4 00000000 00000020
013 09140 00000000 00000023 00000001 00000003 00000002 00000000 00000000 00000000 00000000 00000001 00000000 00000000 00000000 FFFFFFF4 00000000 00000020
015 09134 00000000 00000023 00000001 00000003 00000002 00000000 00000000 00000000 00000000 00000001 00000000 00000000 00000000 FFFFFFF4 00000000 00000020
017 00331 00000000 FFFFFFFF 00000001 00000003 00000002 00000000 00000000 00000000 00000000 00000001 00000000 00000000 00000000 FFFFFFF4 00000000 00000020
019 0F100 00000000 00000009 00000001 00000002 00000002 00000000 00000000 00000000 00000000 00000001 00000000 00000000 00000000 FFFFFFF4 00000000 00000020
009 00DD1 00000000 FFFFFFFC 00000001 00000002 00000002 00000000 00000000 00000000 00000000 00000001 00000000 00000000 00000000 FFFFFFF4 00000000 0000001B
00B 11FD1 00000000 00000000 00000001 00000002 00000002 00000000 00000000 00000000 00000000 00000001 00000000 00000000 00000000 FFFFFFF0 00000000 0000001B
00D 113D1 00000000 00000001 00000001 00000002 00000002 00000000 00000000 00000000 00000000 00000001 00000000 00000000 00000000 FFFFFFF0 00000000 0000001B
00F 114D1 00000000 00000002 00000001 00000002 00000002 00000000 00000000 00000000 00000000 00000001 00000000 00000000 00000000 FFFFFFF0 00000000 0000001B
011 119D1 00000000 00000003 00000001 00000002 00000002 00000000 00000000 00000000 00000000 00000001 00000000 00000000 00000000 FFFFFFF0 00000000 0000001B
013 09140 00000000 00000023 00000001 00000002 00000002 00000000 00000000 00000000 00000000 00000001 00000000 00000000 00000000 FFFFFFF0 00000000 0000001B
015 09134 00000000 00000023 00000001 00000002 00000002 00000000 00000000 00000000 00000000 00000001 00000000 00000000 00000000 FFFFFFF0 00000000 0000001B
023 00201 00000000 00000001 00000001 00000002 00000002 00000000 00000000 00000000 00000000 00000001 00000000 00000000 00000000 FFFFFFF0 00000000 0000001B
025 109D1 00000000 00000003 00000001 00000002 00000002 00000000 00000000 00000000 00000000 00000001 00000000 00000000 00000000 FFFFFFF0 00000000 0000001B
027 104D1 00000000 00000002 00000001 00000002 00000002 00000000 00000000 00000000 00000000 00000001 00000000 00000000 00000000 FFFFFFF0 00000000 0000001B
029 103D1 00000000 00000001 00000001 00000002 00000002 00000000 00000000 00000000 00000000 00000001 00000000 00000000 00000000 FFFFFFF0 00000000 0000001B
02B 10FD1 00000000 00000000 00000001 00000002 00000002 00000000 00000000 00000000 00000000 00000001 00000000 00000000 00000000 FFFFFFF0 00000000 0000001B
02D 00DD1 00000000 00000004 00000001 00000002 00000002 00000000 00000000 00000000 00000000 00000001 00000000 00000000 00000000 FFFFFFF0 00000000 0000001B
02F 09F00 00000000 00000004 00000001 00000002 00000002 00000000 00000000 00000000 00000000 00000001 00000000 00000000 00000000 FFFFFFF4 00000000 0000001B
01B 00920 00000000 00000004 00000001 00000002 00000002 00000000 00000000 00000000 00000000 00000001 00000000 00000000 00000000 FFFFFFF4 00000000 0000001B
01C 00441 00000000 FFFFFFFF 00000001 00000002 00000002 00000000 00000000 00000000 00000000 00000001 00000000 00000000 00000000 FFFFFFF4 00000000 0000001B
01E 0F100 00000000 00000009 00000001 00000002 00000001 00000000 00000000 00000000 00000000 00000001 00000000 00000000 00000000 FFFFFFF4 00000000 0000001B
009 00DD1 00000000 FFFFFFFC 00000001 00000002 00000001 00000000 00000000 00000000 00000000 00000001 00000000 00000000 00000000 FFFFFFF4 00000000 00000020
00B 11FD1 00000000 00000000 00000001 00000002 00000001 00000000 00000000 00000000 00000000 00000001 00000000 00000000 00000000 FFFFFFF0 00000000 00000020
00D 113D1 00000000 00000001 00000001 00000002 00000001 00000000 00000000 00000000 00000000 00000001 00000000 00000000 00000000 FFFFFFF0 00000000 00000020
00F 114D1 00000000 00000002 00000001 00000002 00000001 00000000 00000000 00000000 00000000 00000001 00000000 00000000 00000000 FFFFFFF0 00000000 00000020
011 119D1 00000000 00000003 00000001 00000002 00000001 00000000 00000000 00000000 00000000 00000001 00000000 00000000 00000000 FFFFFFF0 00000000 00000020
013 09140 00000000 00000023 00000001 00000002 00000001 00000000 00000000 00000000 00000000 00000001 00000000 00000000 00000000 FFFFFFF0 00000000 00000020
015 09134 00000000 00000023 00000001 00000002 00000001 00000000 00000000 00000000 00000000 00000001 00000000 00000000 00000000 FFFFFFF0 00000000 00000020
017 00331 00000000 FFFFFFFF 00000001 00000002 00000001 00000000 00000000 00000000 00000000 00000001 00000000 00000000 00000000 FFFFFFF0 00000000 00000020
019 0F100 00000000 00000009 00000001 00000001 00000001 00000000 00000000 00000000 00000000 00000001 00000000 00000000 00000000 FFFFFFF0 00000000 00000020
009 00DD1 00000000 FFFFFFFC 00000001 00000001 00000001 00000000 00000000 00000000 00000000 00000001 00000000 00000000 00000000 FFFFFFF0 00000000 0000001B
00B 11FD1 00000000 00000000 00000001 00000001 00000001 00000000 00000000 00000000 00000000 00000001 00000000 00000000 00000000 FFFFFFEC 00000000 0000001B
00D 113D1 00000000 00000001 00000001 00000001 00000001 00000000 00000000 00000000 00000000 00000001 00000000 00000000 00000000 FFFFFFEC 00000000 0000001B
00F 114D1 00000000 00000002 00000001 00000001 00000001 00000000 00000000 00000000 00000000 00000001 00000000 00000000 00000000 FFFFFFEC 00000000 0000001B
011 119D1 00000000 00000003 00000001 00000001 00000001 00000000 00000000 00000000 00000000 00000001 00000000 00000000 00000000 FFFFFFEC 00000000 0000001B
013 09140 00000000 00000023 00000001 00000001 00000001 00000000 00000000 00000000 00000000 00000001 00000000 00000000 00000000 FFFFFFEC 00000000 0000001B
015 09134 00000000 00000023 00000001 00000001 00000001 00000000 00000000 00000000 00000000 00000001 00000000 00000000 00000000 FFFFFFEC 00000000 0000001B
023 00201 00000000 00000001 00000001 00000001 00000001 00000000 00000000 00000000 00000000 00000001 00000000 00000000 00000000 FFFFFFEC 00000000 0000001B
025 109D1 00000000 00000003 00000001 00000001 00000001 00000000 00000000 00000000 00000000 00000001 00000000 00000000 00000000 FFFFFFEC 00000000 0000001B
027 104D1 00000000 00000002 00000001 00000001 00000001 00000000 00000000 00000000 00000000 00000001 00000000 00000000 00000000 FFFFFFEC 00000000 0000001B
029 103D1 00000000 00000001 00000001 00000001 00000001 00000000 00000000 00000000 00000000 00000001 00000000 00000000 00000000 FFFFFFEC 00000000 0000001B
02B 10FD1 00000000 00000000 00000001 00000001 00000001 00000000 00000000 00000000 00000000 00000001 00000000 00000000 00000000 FFFFFFEC 00000000 0000001B
02D 00DD1 00000000 00000004 00000001 00000001 00000001 00000000 00000000 00000000 00000000 00000001 00000000 00000000 00000000 FFFFFFEC 00000000 0000001B
02F 09F00 00000000 00000004 00000001 00000001 00000001 00000000 00000000 00000000 00000000 00000001 00000000 00000000 00000000 FFFFFFF0 00000000 0000001B
01B 00920 00000000 00000004 00000001 00000001 00000001 00000000 00000000 00000000 00000000 00000001 00000000 00000000 00000000 FFFFFFF0 00000000 0000001B
01C 00441 00000000 FFFFFFFF 00000001 00000001 00000001 00000000 00000000 00000000 00000000 00000001 00000000 00000000 00000000 FFFFFFF0 00000000 0000001B
01E 0F100 00000000 00000009 00000001 00000001 00000000 00000000 00000000 00000000 00000000 00000001 00000000 00000000 00000000 FFFFFFF0 00000000 0000001B
009 00DD1 00000000 FFFFFFFC 00000001 00000001 00000000 00000000 00000000 00000000 00000000 00000001 00000000 00000000 00000000 FFFFFFF0 00000000 00000020
00B 11FD1 00000000 00000000 00000001 00000001 00000000 00000000 00000000 00000000 00000000 00000001 00000000 00000000 00000000 FFFFFFEC 00000000 00000020
00D 113D1 00000000 00000001 00000001 00000001 00000000 00000000 00000000 00000000 00000000 00000001 00000000 00000000 00000000 FFFFFFEC 00000000 00000020
00F 114D1 00000000 00000002 00000001 00000001 00000000 00000000 00000000 00000000 00000000 00000001 00000000 00000000 00000000 FFFFFFEC 00000000 00000020
011 119D1 00000000 00000003 00000001 00000001 00000000 00000000 00000000 00000000 00000000 00000001 00000000 00000000 00000000 FFFFFFEC 00000000 00000020
013 09140 00000000 00000023 00000001 00000001 00000000 00000000 00000000 00000000 00000000 00000001 00000000 00000000 00000000 FFFFFFEC 00000000 00000020
023 00201 00000000 00000001 00000001 00000001 00000000 00000000 00000000 00000000 00000000 00000001 00000000 00000000 00000000 FFFFFFEC 00000000 00000020
025 109D1 00000000 00000003 00000001 00000001 00000000 00000000 00000000 00000000 00000000 00000001 00000000 00000000 00000000 FFFFFFEC 00000000 00000020
027 104D1 00000000 00000002 00000001 00000001 00000000 00000000 00000000 00000000 00000000 00000001 00000000 00000000 00000000 FFFFFFEC 00000000 00000020
029 103D1 00000000 00000001 00000001 00000001 00000000 00000000 00000000 00000000 00000000 00000001 00000000 00000000 00000000 FFFFFFEC 00000000 00000020
02B 10FD1 00000000 00000000 00000001 00000001 00000000 00000000 00000000 00000000 00000000 00000001 00000000 00000000 00000000 FFFFFFEC 00000000 00000020
02D 00DD1 00000000 00000004 00000001 00000001 00000000 00000000 00000000 00000000 00000000 00000001 00000000 00000000 00000000 FFFFFFEC 00000000 00000020
02F 09F00 00000000 00000004 00000001 00000001 00000000 00000000 00000000 00000000 00000000 00000001 00000000 00000000 00000000 FFFFFFF0 00000000 00000020
020 00292 00000000 00000004 00000001 00000001 00000000 00000000 00000000 00000000 00000000 00000001 00000000 00000000 00000000 FFFFFFF0 00000000 00000020
021 09100 00000000 00000025 00000002 00000001 00000000 00000000 00000000 00000000 00000000 00000001 00000000 00000000 00000000 FFFFFFF0 00000000 00000020
025 109D1 00000000 00000003 00000002 00000001 00000000 00000000 00000000 00000000 00000000 00000001 00000000 00000000 00000000 FFFFFFF0 00000000 00000020
027 104D1 00000000 00000002 00000002 00000001 00000000 00000000 00000000 00000000 00000000 00000001 00000000 00000000 00000000 FFFFFFF0 00000000 00000020
029 103D1 00000000 00000001 00000002 00000001 00000001 00000000 00000000 00000000 00000000 00000001 00000000 00000000 00000000 FFFFFFF0 00000000 00000020
02B 10FD1 00000000 00000000 00000002 00000002 00000001 00000000 00000000 00000000 00000000 00000001 00000000 00000000 00000000 FFFFFFF0 00000000 00000020
02D 00DD1 00000000 00000004 00000002 00000002 00000001 00000000 00000000 00000000 00000000 00000001 00000000 00000000 00000000 FFFFFFF0 00000000 00000020
02F 09F00 00000000 00000004 00000002 00000002 00000001 00000000 00000000 00000000 00000000 00000001 00000000 00000000 00000000 FFFFFFF4 00000000 00000020
020 00292 00000000 00000004 00000002 00000002 00000001 00000000 00000000 00000000 00000000 00000001 00000000 00000000 00000000 FFFFFFF4 00000000 00000020
021 09100 00000000 00000025 00000003 00000002 00000001 00000000 00000000 00000000 00000000 00000001 00000000 00000000 00000000 FFFFFFF4 00000000 00000020
025 109D1 00000000 00000003 00000003 00000002 00000001 00000000 00000000 00000000 00000000 00000001 00000000 00000000 00000000 FFFFFFF4 00000000 00000020
027 104D1 00000000 00000002 00000003 00000002 00000001 00000000 00000000 00000000 00000000 00000001 00000000 00000000 00000000 FFFFFFF4 00000000 00000020
029 103D1 00000000 00000001 00000003 00000002 00000002 00000000 00000000 00000000 00000000 00000001 00000000 00000000 00000000 FFFFFFF4 00000000 00000020
02B 10FD1 00000000 00000000 00000003 00000003 00000002 00000000 00000000 00000000 00000000 00000001 00000000 00000000 00000000 FFFFFFF4 00000000 00000020
02D 00DD1 00000000 00000004 00000003 00000003 00000002 00000000 00000000 00000000 00000000 00000001 00000000 00000000 00000000 FFFFFFF4 00000000 00000020
02F 09F00 00000000 00000004 00000003 00000003 00000002 00000000 00000000 00000000 00000000 00000001 00000000 00000000 00000000 FFFFFFF8 00000000 00000020
020 00292 00000000 00000004 00000003 00000003 00000002 00000000 00000000 00000000 00000000 00000001 00000000 00000000 00000000 FFFFFFF8 00000000 00000020
021 09100 00000000 00000025 00000004 00000003 00000002 00000000 00000000 00000000 00000000 00000001 00000000 00000000 00000000 FFFFFFF8 00000000 00000020
025 109D1 00000000 00000003 00000004 00000003 00000002 00000000 00000000 00000000 00000000 00000001 00000000 00000000 00000000 FFFFFFF8 00000000 00000020
027 104D1 00000000 00000002 00000004 00000003 00000002 00000000 00000000 00000000 00000000 00000000 00000000 00000000 00000000 FFFFFFF8 00000000 00000020
029 103D1 00000000 00000001 00000004 00000003 00000003 00000000 00000000 00000000 00000000 00000000 00000000 00000000 00000000 FFFFFFF8 00000000 00000020
02B 10FD1 00000000 00000000 00000004 00000004 00000003 00000000 00000000 00000000 00000000 00000000 00000000 00000000 00000000 FFFFFFF8 00000000 00000020
02D 00DD1 00000000 00000004 00000004 00000004 00000003 00000000 00000000 00000000 00000000 00000000 00000000 00000000 00000000 FFFFFFF8 00000000 0000001B
02F 09F00 00000000 00000004 00000004 00000004 00000003 00000000 00000000 00000000 00000000 00000000 00000000 00000000 00000000 FFFFFFFC 00000000 0000001B
01B 00920 00000000 00000004 00000004 00000004 00000003 00000000 00000000 00000000 00000000 00000000 00000000 00000000 00000000 FFFFFFFC 00000000 0000001B
01C 00441 00000000 FFFFFFFF 00000004 00000004 00000003 00000000 00000000 00000000 00000000 00000004 00000000 00000000 00000000 FFFFFFFC 00000000 0000001B
01E 0F100 00000000 00000009 00000004 00000004 00000002 00000000 00000000 00000000 00000000 00000004 00000000 00000000 00000000 FFFFFFFC 00000000 0000001B
009 00DD1 00000000 FFFFFFFC 00000004 00000004 00000002 00000000 00000000 00000000 00000000 00000004 00000000 00000000 00000000 FFFFFFFC 00000000 00000020
00B 11FD1 00000000 00000000 00000004 00000004 00000002 00000000 00000000 00000000 00000000 00000004 00000000 00000000 00000000 FFFFFFF8 00000000 00000020
00D 113D1 00000000 00000001 00000004 00000004 00000002 00000000 00000000 00000000 00000000 00000004 00000000 00000000 00000000 FFFFFFF8 00000000 00000020
00F 114D1 00000000 00000002 00000004 00000004 00000002 00000000 00000000 00000000 00000000 00000004 00000000 00000000 00000000 FFFFFFF8 00000000 00000020
011 119D1 00000000 00000003 00000004 00000004 00000002 00000000 00000000 00000000 00000000 00000004 00000000 00000000 00000000 FFFFFFF8 00000000 00000020
013 09140 00000000 00000023 00000004 00000004 00000002 00000000 00000000 00000000 00000000 00000004 00000000 00000000 00000000 FFFFFFF8 00000000 00000020
015 09134 00000000 00000023 00000004 00000004 00000002 00000000 00000000 00000000 00000000 00000004 00000000 00000000 00000000 FFFFFFF8 00000000 00000020
017 00331 00000000 FFFFFFFF 00000004 00000004 00000002 00000000 00000000 00000000 00000000 00000004 00000000 00000000 00000000 FFFFFFF8 00000000 00000020
019 0F100 00000000 00000009 00000004 00000003 00000002 00000000 00000000 00000000 00000000 00000004 00000000 00000000 00000000 FFFFFFF8 00000000 00000020
009 00DD1 00000000 FFFFFFFC 00000004 00000003 00000002 00000000 00000000 00000000 00000000 00000004 00000000 00000000 00000000 FFFFFFF8 00000000 0000001B
00B 11FD1 00000000 00000000 00000004 00000003 00000002 00000000 00000000 00000000 00000000 00000004 00000000 00000000 00000000 FFFFFFF4 00000000 0000001B
00D 113D1 00000000 00000001 00000004 00000003 00000002 00000000 00000000 00000000 00000000 00000004 00000000 00000000 00000000 FFFFFFF4 00000000 0000001B
00F 114D1 00000000 00000002 00000004 00000003 00000002 00000000 00000000 00000000 00000000 00000004 00000000 00000000 00000000 FFFFFFF4 00000000 0000001B
011 119D1 00000000 00000003 00000004 00000003 00000002 00000000 00000000 00000000 00000000 00000004 00000000 00000000 00000000 FFFFFFF4 00000000 0000001B
013 09140 00000000 00000023 00000004 00000003 00000002 00000000 00000000 00000000 00000000 00000004 00000000 00000000 00000000 FFFFFFF4 00000000 0000001B
015 09134 00000000 00000023 00000004 00000003 00000002 00000000 00000000 00000000 00000000 00000004 00000000 00000000 00000000 FFFFFFF4 00000000 0000001B
017 00331 00000000 FFFFFFFF 00000004 00000003 00000002 00000000 00000000 00000000 00000000 00000004 00000000 00000000 00000000 FFFFFFF4 00000000 0000001B
019 0F100 00000000 00000009 00000004 00000002 00000002 00000000 00000000 00000000 00000000 00000004 00000000 00000000 00000000 FFFFFFF4 00000000 0000001B
009 00DD1 00000000 FFFFFFFC 00000004 00000002 00000002 00000000 00000000 00000000 00000000 00000004 00000000 00000000 00000000 FFFFFFF4 00000000 0000001B
00B 11FD1 00000000 00000000 00000004 00000002 00000002 00000000 00000000 00000000 00000000 00000004 00000000 00000000 00000000 FFFFFFF0 00000000 0000001B
00D 113D1 00000000 00000001 00000004 00000002 00000002 00000000 00000000 00000000 00000000 00000004 00000000 00000000 00000000 FFFFFFF0 00000000 0000001B
00F 114D1 00000000 00000002 00000004 00000002 00000002 00000000 00000000 00000000 00000000 00000004 00000000 00000000 00000000 FFFFFFF0 00000000 0000001B
011 119D1 00000000 00000003 00000004 00000002 00000002 00000000 00000000 00000000 00000000 00000004 00000000 00000000 00000000 FFFFFFF0 00000000 0000001B
013 09140 00000000 00000023 00000004 00000002 00000002 00000000 00000000 00000000 00000000 00000004 00000000 00000000 00000000 FFFFFFF0 00000000 0000001B
015 09134 00000000 00000023 00000004 00000002 00000002 00000000 00000000 00000000 00000000 00000004 00000000 00000000 00000000 FFFFFFF0 00000000 0000001B
023 00201 00000000 00000001 00000004 00000002 00000002 00000000 00000000 00000000 00000000 00000004 00000000 00000000 00000000 FFFFFFF0 00000000 0000001B
025 109D1 00000000 00000003 00000001 00000002 00000002 00000000 00000000 00000000 00000000 00000004 00000000 00000000 00000000 FFFFFFF0 00000000 0000001B
027 104D1 00000000 00000002 00000001 00000002 00000002 00000000 00000000 00000000 00000000 00000004 00000000 00000000 00000000 FFFFFFF0 00000000 0000001B
029 103D1 00000000 00000001 00000001 00000002 00000002 00000000 00000000 00000000 00000000 00000004 00000000 00000000 00000000 FFFFFFF0 00000000 0000001B
02B 10FD1 00000000 00000000 00000001 00000002 00000002 00000000 00000000 00000000 00000000 00000004 00000000 00000000 00000000 FFFFFFF0 00000000 0000001B
02D 00DD1 00000000 00000004 00000001 00000002 00000002 00000000 00000000 00000000 00000000 00000004 00000000 00000000 00000000 FFFFFFF0 00000000 0000001B
02F 09F00 00000000 00000004 00000001 00000002 00000002 00000000 00000000 00000000 00000000 00000004 00000000 00000000 00000000 FFFFFFF4 00000000 0000001B
01B 00920 00000000 00000004 00000001 00000002 00000002 00000000 00000000 00000000 00000000 00000004 00000000 00000000 00000000 FFFFFFF4 00000000 0000001B
01C 00441 00000000 FFFFFFFF 00000001 00000002 00000002 00000000 00000000 00000000 00000000 00000001 00000000 00000000 00000000 FFFFFFF4 00000000 0000001B
01E 0F100 00000000 00000009 00000001 00000002 00000001 00000000 00000000 00000000 00000000 00000001 00000000 00000000 00000000 FFFFFFF4 00000000 0000001B
009 00DD1 00000000 FFFFFFFC 00000001 00000002 00000001 00000000 00000000 00000000 00000000 00000001 00000000 00000000 00000000 FFFFFFF4 00000000 00000020
00B 11FD1 00000000 00000000 00000001 00000002 00000001 00000000 00000000 00000000 00000000 00000001 00000000 00000000 00000000 FFFFFFF0 00000000 00000020
00D 113D1 00000000 00000001 00000001 00000002 00000001 00000000 00000000 00000000 00000000 00000001 00000000 00000000 00000000 FFFFFFF0 00000000 00000020
00F 114D1 00000000 00000002 00000001 00000002 00000001 00000000 00000000 00000000 00000000 00000001 00000000 00000000 00000000 FFFFFFF0 00000000 00000020
011 119D1 00000000 00000003 00000001 00000002 00000001 00000000 00000000 00000000 00000000 00000001 00000000 00000000 00000000 FFFFFFF0 00000000 00000020
013 09140 00000000 00000023 00000001 00000002 00000001 00000000 00000000 00000000 00000000 00000001 00000000 00000000 00000000 FFFFFFF0 00000000 00000020
015 09134 00000000 00000023 00000001 00000002 00000001 00000000 00000000 00000000 00000000 00000001 00000000 00000000 00000000 FFFFFFF0 00000000 00000020
017 00331 00000000 FFFFFFFF 00000001 00000002 00000001 00000000 00000000 00000000 00000000 00000001 00000000 00000000 00000000 FFFFFFF0 00000000 00000020
019 0F100 00000000 00000009 00000001 00000001 00000001 00000000 00000000 00000000 00000000 00000001 00000000 00000000 00000000 FFFFFFF0 00000000 00000020
009 00DD1 00000000 FFFFFFFC 00000001 00000001 00000001 00000000 00000000 00000000 00000000 00000001 00000000 00000000 00000000 FFFFFFF0 00000000 0000001B
00B 11FD1 00000000 00000000 00000001 00000001 00000001 00000000 00000000 00000000 00000000 00000001 00000000 00000000 00000000 FFFFFFEC 00000000 0000001B
00D 113D1 00000000 00000001 00000001 00000001 00000001 00000000 00000000 00000000 00000000 00000001 00000000 00000000 00000000 FFFFFFEC 00000000 0000001B
00F 114D1 00000000 00000002 00000001 00000001 00000001 00000000 00000000 00000000 00000000 00000001 00000000 00000000 00000000 FFFFFFEC 00000000 0000001B
011 119D1 00000000 00000003 00000001 00000001 00000001 00000000 00000000 00000000 00000000 00000001 00000000 00000000 00000000 FFFFFFEC 00000000 0000001B
013 09140 00000000 00000023 00000001 00000001 00000001 00000000 00000000 00000000 00000000 00000001 00000000 00000000 00000000 FFFFFFEC 00000000 0000001B
015 09134 00000000 00000023 00000001 00000001 00000001 00000000 00000000 00000000 00000000 00000001 00000000 00000000 00000000 FFFFFFEC 00000000 0000001B
023 00201 00000000 00000001 00000001 00000001 00000001 00000000 00000000 00000000 00000000 00000001 00000000 00000000 00000000 FFFFFFEC 00000000 0000001B
025 109D1 00000000 00000003 00000001 00000001 00000001 00000000 00000000 00000000 00000000 00000001 00000000 00000000 00000000 FFFFFFEC 00000000 0000001B
027 104D1 00000000 00000002 00000001 00000001 00000001 00000000 00000000 00000000 00000000 00000001 00000000 00000000 00000000 FFFFFFEC 00000000 0000001B
029 103D1 00000000 00000001 00000001 00000001 00000001 00000000 00000000 00000000 00000000 00000001 00000000 00000000 00000000 FFFFFFEC 00000000 0000001B
02B 10FD1 00000000 00000000 00000001 00000001 00000001 00000000 00000000 00000000 00000000 00000001 00000000 00000000 00000000 FFFFFFEC 00000000 0000001B
02D 00DD1 00000000 00000004 00000001 00000001 00000001 00000000 00000000 00000000 00000000 00000001 00000000 00000000 00000000 FFFFFFEC 00000000 0000001B
02F 09F00 00000000 00000004 00000001 00000001 00000001 00000000 00000000 00000000 00000000 00000001 00000000 00000000 00000000 FFFFFFF0 00000000 0000001B
01B 00920 00000000 00000004 00000001 00000001 00000001 00000000 00000000 00000000 00000000 00000001 00000000 00000000 00000000 FFFFFFF0 00000000 0000001B
01C 00441 00000000 FFFFFFFF 00000001 00000001 00000001 00000000 00000000 00000000 00000000 00000001 00000000 00000000 00000000 FFFFFFF0 00000000 0000001B
01E 0F100 00000000 00000009 00000001 00000001 00000000 00000000 00000000 00000000 00000000 00000001 00000000 00000000 00000000 FFFFFFF0 00000000 0000001B
009 00DD1 00000000 FFFFFFFC 00000001 00000001 00000000 00000000 00000000 00000000 00000000 00000001 00000000 00000000 00000000 FFFFFFF0 00000000 00000020
00B 11FD1 00000000 00000000 00000001 00000001 00000000 00000000 00000000 00000000 00000000 00000001 00000000 00000000 00000000 FFFFFFEC 00000000 00000020
00D 113D1 00000000 00000001 00000001 00000001 00000000 00000000 00000000 00000000 00000000 00000001 00000000 00000000 00000000 FFFFFFEC 00000000 00000020
00F 114D1 00000000 00000002 00000001 00000001 00000000 00000000 00000000 00000000 00000000 00000001 00000000 00000000 00000000 FFFFFFEC 00000000 00000020
011 119D1 00000000 00000003 00000001 00000001 00000000 00000000 00000000 00000000 00000000 00000001 00000000 00000000 00000000 FFFFFFEC 00000000 00000020
013 09140 00000000 00000023 00000001 00000001 00000000 00000000 00000000 00000000 00000000 00000001 00000000 00000000 00000000 FFFFFFEC 00000000 00000020
023 00201 00000000 00000001 00000001 00000001 00000000 00000000 00000000 00000000 00000000 00000001 00000000 00000000 00000000 FFFFFFEC 00000000 00000020
025 109D1 00000000 00000003 00000001 00000001 00000000 00000000 00000000 00000000 00000000 00000001 00000000 00000000 00000000 FFFFFFEC 00000000 00000020
027 104D1 00000000 00000002 00000001 00000001 00000000 00000000 00000000 00000000 00000000 00000001 00000000 00000000 00000000 FFFFFFEC 00000000 00000020
029 103D1 00000000 00000001 00000001 00000001 00000000 00000000 00000000 00000000 00000000 00000001 00000000 00000000 00000000 FFFFFFEC 00000000 00000020
02B 10FD1 00000000 00000000 00000001 00000001 00000000 00000000 00000000 00000000 00000000 00000001 00000000 00000000 00000000 FFFFFFEC 00000000 00000020
02D 00DD1 00000000 00000004 00000001 00000001 00000000 00000000 00000000 00000000 00000000 00000001 00000000 00000000 00000000 FFFFFFEC 00000000 00000020
02F 09F00 00000000 00000004 00000001 00000001 00000000 00000000 00000000 00000000 00000000 00000001 00000000 00000000 00000000 FFFFFFF0 00000000 00000020
020 00292 00000000 00000004 00000001 00000001 00000000 00000000 00000000 00000000 00000000 00000001 00000000 00000000 00000000 FFFFFFF0 00000000 00000020
021 09100 00000000 00000025 00000002 00000001 00000000 00000000 00000000 00000000 00000000 00000001 00000000 00000000 00000000 FFFFFFF0 00000000 00000020
025 109D1 00000000 00000003 00000002 00000001 00000000 00000000 00000000 00000000 00000000 00000001 00000000 00000000 00000000 FFFFFFF0 00000000 00000020
027 104D1 00000000 00000002 00000002 00000001 00000000 00000000 00000000 00000000 00000000 00000001 00000000 00000000 00000000 FFFFFFF0 00000000 00000020
029 103D1 00000000 00000001 00000002 00000001 00000001 00000000 00000000 00000000 00000000 00000001 00000000 00000000 00000000 FFFFFFF0 00000000 00000020
02B 10FD1 00000000 00000000 00000002 00000002 00000001 00000000 00000000 00000000 00000000 00000001 00000000 00000000 00000000 FFFFFFF0 00000000 00000020
02D 00DD1 00000000 00000004 00000002 00000002 00000001 00000000 00000000 00000000 00000000 00000001 00000000 00000000 00000000 FFFFFFF0 00000000 00000020
02F 09F00 00000000 00000004 00000002 00000002 00000001 00000000 00000000 00000000 00000000 00000001 00000000 00000000 00000000 FFFFFFF4 00000000 00000020
020 00292 00000000 00000004 00000002 00000002 00000001 00000000 00000000 00000000 00000000 00000001 00000000 00000000 00000000 FFFFFFF4 00000000 00000020
021 09100 00000000 00000025 00000003 00000002 00000001 00000000 00000000 00000000 00000000 00000001 00000000 00000000 00000000 FFFFFFF4 00000000 00000020
025 109D1 00000000 00000003 00000003 00000002 00000001 00000000 00000000 00000000 00000000 00000001 00000000 00000000 00000000 FFFFFFF4 00000000 00000020
027 104D1 00000000 00000002 00000003 00000002 00000001 00000000 00000000 00000000 00000000 00000004 00000000 00000000 00000000 FFFFFFF4 00000000 00000020
029 103D1 00000000 00000001 00000003 00000002 00000002 00000000 00000000 00000000 00000000 00000004 00000000 00000000 00000000 FFFFFFF4 00000000 00000020
02B 10FD1 00000000 00000000 00000003 00000003 00000002 00000000 00000000 00000000 00000000 00000004 00000000 00000000 00000000 FFFFFFF4 00000000 00000020
02D 00DD1 00000000 00000004 00000003 00000003 00000002 00000000 00000000 00000000 00000000 00000004 00000000 00000000 00000000 FFFFFFF4 00000000 0000001B
02F 09F00 00000000 00000004 00000003 00000003 00000002 00000000 00000000 00000000 00000000 00000004 00000000 00000000 00000000 FFFFFFF8 00000000 0000001B
01B 00920 00000000 00000004 00000003 00000003 00000002 00000000 00000000 00000000 00000000 00000004 00000000 00000000 00000000 FFFFFFF8 00000000 0000001B
01C 00441 00000000 FFFFFFFF 00000003 00000003 00000002 00000000 00000000 00000000 00000000 00000003 00000000 00000000 00000000 FFFFFFF8 00000000 0000001B
01E 0F100 00000000 00000009 00000003 00000003 00000001 00000000 00000000 00000000 00000000 00000003 00000000 00000000 00000000 FFFFFFF8 00000000 0000001B
009 00DD1 00000000 FFFFFFFC 00000003 00000003 00000001 00000000 00000000 00000000 00000000 00000003 00000000 00000000 00000000 FFFFFFF8 00000000 00000020
00B 11FD1 00000000 00000000 00000003 00000003 00000001 00000000 00000000 00000000 00000000 00000003 00000000 00000000 00000000 FFFFFFF4 00000000 00000020
00D 113D1 00000000 00000001 00000003 00000003 00000001 00000000 00000000 00000000 00000000 00000003 00000000 00000000 00000000 FFFFFFF4 00000000 00000020
00F 114D1 00000000 00000002 00000003 00000003 00000001 00000000 00000000 00000000 00000000 00000003 00000000 00000000 00000000 FFFFFFF4 00000000 00000020
011 119D1 00000000 00000003 00000003 00000003 00000001 00000000 00000000 00000000 00000000 00000003 00000000 00000000 00000000 FFFFFFF4 00000000 00000020
013 09140 00000000 00000023 00000003 00000003 00000001 00000000 00000000 00000000 00000000 00000003 00000000 00000000 00000000 FFFFFFF4 00000000 00000020
015 09134 00000000 00000023 00000003 00000003 00000001 00000000 00000000 00000000 00000000 00000003 00000000 00000000 00000000 FFFFFFF4 00000000 00000020
017 00331 00000000 FFFFFFFF 00000003 00000003 00000001 00000000 00000000 00000000 00000000 00000003 00000000 00000000 00000000 FFFFFFF4 00000000 00000020
019 0F100 00000000 00000009 00000003 00000002 00000001 00000000 00000000 00000000 00000000 00000003 00000000 00000000 00000000 FFFFFFF4 00000000 00000020
009 00DD1 00000000 FFFFFFFC 00000003 00000002 00000001 00000000 00000000 00000000 00000000 00000003 00000000 00000000 00000000 FFFFFFF4 00000000 0000001B
00B 11FD1 00000000 00000000 00000003 00000002 00000001 00000000 00000000 00000000 00000000 00000003 00000000 00000000 00000000 FFFFFFF0 00000000 0000001B
00D 113D1 00000000 00000001 00000003 00000002 00000001 00000000 00000000 00000000 00000000 00000003 00000000 00000000 00000000 FFFFFFF0 00000000 0000001B
00F 114D1 00000000 00000002 00000003 00000002 00000001 00000000 00000000 00000000 00000000 00000003 00000000 00000000 00000000 FFFFFFF0 00000000 0000001B
011 119D1 00000000 00000003 00000003 00000002 00000001 00000000 00000000 00000000 00000000 00000003 00000000 00000000 00000000 FFFFFFF0 00000000 0000001B
013 09140 00000000 00000023 00000003 00000002 00000001 00000000 00000000 00000000 00000000 00000003 00000000 00000000 00000000 FFFFFFF0 00000000 0000001B
015 09134 00000000 00000023 00000003 00000002 00000001 00000000 00000000 00000000 00000000 00000003 00000000 00000000 00000000 FFFFFFF0 00000000 0000001B
017 00331 00000000 FFFFFFFF 00000003 00000002 00000001 00000000 00000000 00000000 00000000 00000003 00000000 00000000 00000000 FFFFFFF0 00000000 0000001B
019 0F100 00000000 00000009 00000003 00000001 00000001 00000000 00000000 00000000 00000000 00000003 00000000 00000000 00000000 FFFFFFF0 00000000 0000001B
009 00DD1 00000000 FFFFFFFC 00000003 00000001 00000001 00000000 00000000 00000000 00000000 00000003 00000000 00000000 00000000 FFFFFFF0 00000000 0000001B
00B 11FD1 00000000 00000000 00000003 00000001 00000001 00000000 00000000 00000000 00000000 00000003 00000000 00000000 00000000 FFFFFFEC 00000000 0000001B
00D 113D1 00000000 00000001 00000003 00000001 00000001 00000000 00000000 00000000 00000000 00000003 00000000 00000000 00000000 FFFFFFEC 00000000 0000001B
00F 114D1 00000000 00000002 00000003 00000001 00000001 00000000 00000000 00000000 00000000 00000003 00000000 00000000 00000000 FFFFFFEC 00000000 0000001B
011 119D1 00000000 00000003 00000003 00000001 00000001 00000000 00000000 00000000 00000000 00000003 00000000 00000000 00000000 FFFFFFEC 00000000 0000001B
013 09140 00000000 00000023 00000003 00000001 00000001 00000000 00000000 00000000 00000000 00000003 00000000 00000000 00000000 FFFFFFEC 00000000 0000001B
015 09134 00000000 00000023 00000003 00000001 00000001 00000000 00000000 00000000 00000000 00000003 00000000 00000000 00000000 FFFFFFEC 00000000 0000001B
023 00201 00000000 00000001 00000003 00000001 00000001 00000000 00000000 00000000 00000000 00000003 00000000 00000000 00000000 FFFFFFEC 00000000 0000001B
025 109D1 00000000 00000003 00000001 00000001 00000001 00000000 00000000 00000000 00000000 00000003 00000000 00000000 00000000 FFFFFFEC 00000000 0000001B
027 104D1 00000000 00000002 00000001 00000001 00000001 00000000 00000000 00000000 00000000 00000003 00000000 00000000 00000000 FFFFFFEC 00000000 0000001B
029 103D1 00000000 00000001 00000001 00000001 00000001 00000000 00000000 00000000 00000000 00000003 00000000 00000000 00000000 FFFFFFEC 00000000 0000001B
02B 10FD1 00000000 00000000 00000001 00000001 00000001 00000000 00000000 00000000 00000000 00000003 00000000 00000000 00000000 FFFFFFEC 00000000 0000001B
02D 00DD1 00000000 00000004 00000001 00000001 00000001 00000000 00000000 00000000 00000000 00000003 00000000 00000000 00000000 FFFFFFEC 00000000 0000001B
02F 09F00 00000000 00000004 00000001 00000001 00000001 00000000 00000000 00000000 00000000 00000003 00000000 00000000 00000000 FFFFFFF0 00000000 0000001B
01B 00920 00000000 00000004 00000001 00000001 00000001 00000000 00000000 00000000 00000000 00000003 00000000 00000000 00000000 FFFFFFF0 00000000 0000001B
01C 00441 00000000 FFFFFFFF 00000001 00000001 00000001 00000000 00000000 00000000 00000000 00000001 00000000 00000000 00000000 FFFFFFF0 00000000 0000001B
01E 0F100 00000000 00000009 00000001 00000001 00000000 00000000 00000000 00000000 00000000 00000001 00000000 00000000 00000000 FFFFFFF0 00000000 0000001B
009 00DD1 00000000 FFFFFFFC 00000001 00000001 00000000 00000000 00000000 00000000 00000000 00000001 00000000 00000000 00000000 FFFFFFF0 00000000 00000020
00B 11FD1 00000000 00000000 00000001 00000001 00000000 00000000 00000000 00000000 00000000 00000001 00000000 00000000 00000000 FFFFFFEC 00000000 00000020
00D 113D1 00000000 00000001 00000001 00000001 00000000 00000000 00000000 00000000 00000000 00000001 00000000 00000000 00000000 FFFFFFEC 00000000 00000020
00F 114D1 00000000 00000002 00000001 00000001 00000000 00000000 00000000 00000000 00000000 00000001 00000000 00000000 00000000 FFFFFFEC 00000000 00000020
011 119D1 00000000 00000003 00000001 00000001 00000000 00000000 00000000 00000000 00000000 00000001 00000000 00000000 00000000 FFFFFFEC 00000000 00000020
013 09140 00000000 00000023 00000001 00000001 00000000 00000000 00000000 00000000 00000000 00000001 00000000 00000000 00000000 FFFFFFEC 00000000 00000020
023 00201 00000000 00000001 00000001 00000001 00000000 00000000 00000000 00000000 00000000 00000001 00000000 00000000 00000000 FFFFFFEC 00000000 00000020
025 109D1 00000000 00000003 00000001 00000001 00000000 00000000 00000000 00000000 00000000 00000001 00000000 00000000 00000000 FFFFFFEC 00000000 00000020
027 104D1 00000000 00000002 00000001 00000001 00000000 00000000 00000000 00000000 00000000 00000001 00000000 00000000 00000000 FFFFFFEC 00000000 00000020
029 103D1 00000000 00000001 00000001 00000001 00000000 00000000 00000000 00000000 00000000 00000001 00000000 00000000 00000000 FFFFFFEC 00000000 00000020
02B 10FD1 00000000 00000000 00000001 00000001 00000000 00000000 00000000 00000000 00000000 00000001 00000000 00000000 00000000 FFFFFFEC 00000000 00000020
02D 00DD1 00000000 00000004 00000001 00000001 00000000 00000000 00000000 00000000 00000000 00000001 00000000 00000000 00000000 FFFFFFEC 00000000 00000020
02F 09F00 00000000 00000004 00000001 00000001 00000000 00000000 00000000 00000000 00000000 00000001 00000000 00000000 00000000 FFFFFFF0 00000000 00000020
020 00292 00000000 00000004 00000001 00000001 00000000 00000000 00000000 00000000 00000000 00000001 00000000 00000000 00000000 FFFFFFF0 00000000 00000020
021 09100 00000000 00000025 00000002 00000001 00000000 00000000 00000000 00000000 00000000 00000001 00000000 00000000 00000000 FFFFFFF0 00000000 00000020
025 109D1 00000000 00000003 00000002 00000001 00000000 00000000 00000000 00000000 00000000 00000001 00000000 00000000 00000000 FFFFFFF0 00000000 00000020
027 104D1 00000000 00000002 00000002 00000001 00000000 00000000 00000000 00000000 00000000 00000003 00000000 00000000 00000000 FFFFFFF0 00000000 00000020
029 103D1 00000000 00000001 00000002 00000001 00000001 00000000 00000000 00000000 00000000 00000003 00000000 00000000 00000000 FFFFFFF0 00000000 00000020
02B 10FD1 00000000 00000000 00000002 00000002 00000001 00000000 00000000 00000000 00000000 00000003 00000000 00000000 00000000 FFFFFFF0 00000000 00000020
02D 00DD1 00000000 00000004 00000002 00000002 00000001 00000000 00000000 00000000 00000000 00000003 00000000 00000000 00000000 FFFFFFF0 00000000 0000001B
02F 09F00 00000000 00000004 00000002 00000002 00000001 00000000 00000000 00000000 00000000 00000003 00000000 00000000 00000000 FFFFFFF4 00000000 0000001B
01B 00920 00000000 00000004 00000002 00000002 00000001 00000000 00000000 00000000 00000000 00000003 00000000 00000000 00000000 FFFFFFF4 00000000 0000001B
01C 00441 00000000 FFFFFFFF 00000002 00000002 00000001 00000000 00000000 00000000 00000000 00000002 00000000 00000000 00000000 FFFFFFF4 00000000 0000001B
01E 0F100 00000000 00000009 00000002 00000002 00000000 00000000 00000000 00000000 00000000 00000002 00000000 00000000 00000000 FFFFFFF4 00000000 0000001B
009 00DD1 00000000 FFFFFFFC 00000002 00000002 00000000 00000000 00000000 00000000 00000000 00000002 00000000 00000000 00000000 FFFFFFF4 00000000 00000020
00B 11FD1 00000000 00000000 00000002 00000002 00000000 00000000 00000000 00000000 00000000 00000002 00000000 00000000 00000000 FFFFFFF0 00000000 00000020
00D 113D1 00000000 00000001 00000002 00000002 00000000 00000000 00000000 00000000 00000000 00000002 00000000 00000000 00000000 FFFFFFF0 00000000 00000020
00F 114D1 00000000 00000002 00000002 00000002 00000000 00000000 00000000 00000000 00000000 00000002 00000000 00000000 00000000 FFFFFFF0 00000000 00000020
011 119D1 00000000 00000003 00000002 00000002 00000000 00000000 00000000 00000000 00000000 00000002 00000000 00000000 00000000 FFFFFFF0 00000000 00000020
013 09140 00000000 00000023 00000002 00000002 00000000 00000000 00000000 00000000 00000000 00000002 00000000 00000000 00000000 FFFFFFF0 00000000 00000020
023 00201 00000000 00000001 00000002 00000002 00000000 00000000 00000000 00000000 00000000 00000002 00000000 00000000 00000000 FFFFFFF0 00000000 00000020
025 109D1 00000000 00000003 00000001 00000002 00000000 00000000 00000000 00000000 00000000 00000002 00000000 00000000 00000000 FFFFFFF0 00000000 00000020
027 104D1 00000000 00000002 00000001 00000002 00000000 00000000 00000000 00000000 00000000 00000002 00000000 00000000 00000000 FFFFFFF0 00000000 00000020
029 103D1 00000000 00000001 00000001 00000002 00000000 00000000 00000000 00000000 00000000 00000002 00000000 00000000 00000000 FFFFFFF0 00000000 00000020
02B 10FD1 00000000 00000000 00000001 00000002 00000000 00000000 00000000 00000000 00000000 00000002 00000000 00000000 00000000 FFFFFFF0 00000000 00000020
02D 00DD1 00000000 00000004 00000001 00000002 00000000 00000000 00000000 00000000 00000000 00000002 00000000 00000000 00000000 FFFFFFF0 00000000 00000020
02F 09F00 00000000 00000004 00000001 00000002 00000000 00000000 00000000 00000000 00000000 00000002 00000000 00000000 00000000 FFFFFFF4 00000000 00000020
020 00292 00000000 00000004 00000001 00000002 00000000 00000000 00000000 00000000 00000000 00000002 00000000 00000000 00000000 FFFFFFF4 00000000 00000020
021 09100 00000000 00000025 00000003 00000002 00000000 00000000 00000000 00000000 00000000 00000002 00000000 00000000 00000000 FFFFFFF4 00000000 00000020
025 109D1 00000000 00000003 00000003 00000002 00000000 00000000 00000000 00000000 00000000 00000002 00000000 00000000 00000000 FFFFFFF4 00000000 00000020
027 104D1 00000000 00000002 00000003 00000002 00000000 00000000 00000000 00000000 00000000 00000003 00000000 00000000 00000000 FFFFFFF4 00000000 00000020
029 103D1 00000000 00000001 00000003 00000002 00000001 00000000 00000000 00000000 00000000 00000003 00000000 00000000 00000000 FFFFFFF4 00000000 00000020
02B 10FD1 00000000 00000000 00000003 00000003 00000001 00000000 00000000 00000000 00000000 00000003 00000000 00000000 00000000 FFFFFFF4 00000000 00000020
02D 00DD1 00000000 00000004 00000003 00000003 00000001 00000000 00000000 00000000 00000000 00000003 00000000 00000000 00000000 FFFFFFF4 00000000 00000020
02F 09F00 00000000 00000004 00000003 00000003 00000001 00000000 00000000 00000000 00000000 00000003 00000000 00000000 00000000 FFFFFFF8 00000000 00000020
020 00292 00000000 00000004 00000003 00000003 00000001 00000000 00000000 00000000 00000000 00000003 00000000 00000000 00000000 FFFFFFF8 00000000 00000020
021 09100 00000000 00000025 00000006 00000003 00000001 00000000 00000000 00000000 00000000 00000003 00000000 00000000 00000000 FFFFFFF8 00000000 00000020
025 109D1 00000000 00000003 00000006 00000003 00000001 00000000 00000000 00000000 00000000 00000003 00000000 00000000 00000000 FFFFFFF8 00000000 00000020
027 104D1 00000000 00000002 00000006 00000003 00000001 00000000 00000000 00000000 00000000 00000004 00000000 00000000 00000000 FFFFFFF8 00000000 00000020
029 103D1 00000000 00000001 00000006 00000003 00000002 00000000 00000000 00000000 00000000 00000004 00000000 00000000 00000000 FFFFFFF8 00000000 00000020
02B 10FD1 00000000 00000000 00000006 00000004 00000002 00000000 00000000 00000000 00000000 00000004 00000000 00000000 00000000 FFFFFFF8 00000000 00000020
02D 00DD1 00000000 00000004 00000006 00000004 00000002 00000000 00000000 00000000 00000000 00000004 00000000 00000000 00000000 FFFFFFF8 00000000 00000020
02F 09F00 00000000 00000004 00000006 00000004 00000002 00000000 00000000 00000000 00000000 00000004 00000000 00000000 00000000 FFFFFFFC 00000000 00000020
020 00292 00000000 00000004 00000006 00000004 00000002 00000000 00000000 00000000 00000000 00000004 00000000 00000000 00000000 FFFFFFFC 00000000 00000020
021 09100 00000000 00000025 0000000A 00000004 00000002 00000000 00000000 00000000 00000000 00000004 00000000 00000000 00000000 FFFFFFFC 00000000 00000020
025 109D1 00000000 00000003 0000000A 00000004 00000002 00000000 00000000 00000000 00000000 00000004 00000000 00000000 00000000 FFFFFFFC 00000000 00000020
027 104D1 00000000 00000002 0000000A 00000004 00000002 00000000 00000000 00000000 00000000 00000000 00000000 00000000 00000000 FFFFFFFC 00000000 00000020
029 103D1 00000000 00000001 0000000A 00000004 00000003 00000000 00000000 00000000 00000000 00000000 00000000 00000000 00000000 FFFFFFFC 00000000 00000020
02B 10FD1 00000000 00000000 0000000A 00000005 00000003 00000000 00000000 00000000 00000000 00000000 00000000 00000000 00000000 FFFFFFFC 00000000 00000020
02D 00DD1 00000000 00000004 0000000A 00000005 00000003 00000000 00000000 00000000 00000000 00000000 00000000 00000000 00000000 FFFFFFFC 00000000 00000006
02F 09F00 00000000 00000004 0000000A 00000005 00000003 00000000 00000000 00000000 00000000 00000000 00000000 00000000 00000000 00000000 00000000 00000006
006 11210 00000000 00000102 0000000A 00000005 00000003 00000000 00000000 00000000 00000000 00000000 00000000 00000000 00000000 00000000 00000000 00000006
008 15000 00000000 00000102 0000000A 00000005 00000003 00000000 00000000 00000000 00000000 00000000 00000000 00000000 00000000 00000000 00000000 00000006
